---
startPose:
  x: 40.0
  y: 60.0
  heading: 4.71238898038469
startTangent: 0.0
waypoints:
- position:
    x: 36.0
    y: 58.0
  heading: 0.0
  tangent: -1.5707963267948966
  interpolationType: "CONSTANT"
- position:
    x: 36.0
    y: 40.0
  heading: 0.0
  tangent: -1.5707963267948966
  interpolationType: "CONSTANT"
- position:
    x: 32.5
    y: 19.0
  heading: 0.0
  tangent: -1.5707963267948966
  interpolationType: "CONSTANT"
- position:
    x: 45.0
    y: 11.0
  heading: 1.5707963267948966
  tangent: 0.0
  interpolationType: "SPLINE"
resolution: 0.25
version: 1
