---
startPose:
  x: 33.0
  y: -63.0
  heading: 1.5707963267948966
startTangent: 0.0
waypoints:
- position:
    x: 38.0
    y: -55.0
  heading: 0.0
  tangent: 1.5707963267948966
  interpolationType: "CONSTANT"
- position:
    x: 38.0
    y: -34.0
  heading: 0.0
  tangent: 1.5707963267948966
  interpolationType: "CONSTANT"
- position:
    x: 35.0
    y: -21.5
  heading: 0.0
  tangent: 1.5707963267948966
  interpolationType: "CONSTANT"
- position:
    x: 43.0
    y: -10.0
  heading: 0.0
  tangent: 0.0
  interpolationType: "CONSTANT"
resolution: 0.25
version: 1
