---
startPose:
  x: 33.0
  y: -63.0
  heading: 1.5707963267948966
startTangent: 0.0
waypoints:
- position:
    x: 36.0
    y: -55.0
  heading: 0.0
  tangent: 1.5707963267948966
  interpolationType: "CONSTANT"
- position:
    x: 36.0
    y: -34.0
  heading: 0.0
  tangent: 1.5707963267948966
  interpolationType: "CONSTANT"
- position:
    x: 34.0
    y: -24.0
  heading: 0.0
  tangent: 1.5707963267948966
  interpolationType: "CONSTANT"
- position:
    x: 43.0
    y: -12.0
  heading: 0.0
  tangent: 5.93411945678072
  interpolationType: "CONSTANT"
resolution: 0.25
version: 1
