---
startPose:
  x: -38.0
  y: 59.0
  heading: 0.0
startTangent: 0.0
waypoints:
- position:
    x: -60.0
    y: 59.0
  heading: 0.0
  tangent: 4.71238898038469
  interpolationType: "CONSTANT"
- position:
    x: -50.0
    y: 10.0
  heading: 1.5707963267948966
  tangent: 0.0
  interpolationType: "SPLINE"
- position:
    x: -16.0
    y: 10.0
  heading: 3.141592653589793
  tangent: 0.0
  interpolationType: "SPLINE"
- position:
    x: 38.0
    y: 10.0
  heading: 3.141592653589793
  tangent: 0.0
  interpolationType: "SPLINE"
resolution: 0.25
version: 1
