---
maxVel: 30.0
maxAccel: 40.0
maxAngVel: 3.141592653589793
maxAngAccel: 3.141592653589793
robotLength: 16.0
robotWidth: 14.0
driveType: "MECANUM"
trackWidth: 10.76
lateralMultiplier: 1.16
