---
startPose:
  x: -35.0
  y: 60.0
  heading: 4.71238898038469
startTangent: 0.0
waypoints:
- position:
    x: -36.0
    y: 58.0
  heading: 0.0
  tangent: -1.5707963267948966
  interpolationType: "CONSTANT"
- position:
    x: -36.0
    y: 40.0
  heading: 0.0
  tangent: -1.5707963267948966
  interpolationType: "CONSTANT"
- position:
    x: -36.0
    y: 1.0
  heading: 0.0
  tangent: -1.5707963267948966
  interpolationType: "CONSTANT"
- position:
    x: -30.0
    y: 1.0
  heading: 0.0
  tangent: -3.141592653589793
  interpolationType: "CONSTANT"
- position:
    x: -40.0
    y: 10.0
  heading: 0.0
  tangent: 2.0943951023931953
  interpolationType: "CONSTANT"
resolution: 0.25
version: 1
