---
startPose:
  x: -33.0
  y: 60.0
  heading: 4.71238898038469
startTangent: 0.0
waypoints:
- position:
    x: -38.0
    y: 55.0
  heading: 0.0
  tangent: -1.5707963267948966
  interpolationType: "CONSTANT"
- position:
    x: -38.0
    y: 40.0
  heading: 0.0
  tangent: -1.5707963267948966
  interpolationType: "CONSTANT"
- position:
    x: -38.0
    y: 6.0
  heading: 0.0
  tangent: -1.5707963267948966
  interpolationType: "CONSTANT"
- position:
    x: -34.0
    y: 6.0
  heading: 0.0
  tangent: 0.0
  interpolationType: "CONSTANT"
resolution: 0.25
version: 1
