---
startPose:
  x: 43.0
  y: -55.0
  heading: 1.5707963267948966
startTangent: 0.0
waypoints:
- position:
    x: 35.0
    y: -40.0
  heading: 1.5707963267948966
  tangent: 0.0
  interpolationType: "LINEAR"
resolution: 0.25
version: 1
