---
startPose:
  x: 30.0
  y: -55.0
  heading: 1.5707963267948966
startTangent: 0.0
waypoints:
- position:
    x: 33.0
    y: -40.0
  heading: 1.5707963267948966
  tangent: 1.5707963267948966
  interpolationType: "LINEAR"
- position:
    x: 33.0
    y: -2.0
  heading: 1.5707963267948966
  tangent: 1.5707963267948966
  interpolationType: "LINEAR"
- position:
    x: 33.0
    y: -9.0
  heading: 4.71238898038469
  tangent: 1.5707963267948966
  interpolationType: "SPLINE"
resolution: 0.25
version: 1
